000 400  50  50
000 400  20  40
000 400  20  40
000 300  40  40
001 200  30  50
001 301  20  10
002 301  20  12
002 280  80  10
003 310  28  35
003 442  80  35
003 320  80  35
003 210  80  35
003 350  80  35
003 443  80  35
003 830  80  35
003 230  80  35
003 130  80  35
003 390  80  35
003 111  80  35
003 121  80  35
003 128  80  35
003 128  80  35
003 999  80  35
003 879  80  35
009 302  20  20
010 303  15  30 
010 304  05  40
010 314  05  42
010 324  05  40
010 334  05  40
010 344  05  40
010 344  05  48
011 305  20  40
020 306  20  10
050 307  20  10
